0 23686
1 654
2 22977
3 673
4 7930
5 904
6 11085
7 2083
8 2103
9 886
10 664
11 23678
12 17602
13 15235
14 22979
15 11089
16 22962
17 1706
18 23667
19 648
20 1676
21 1683
22 17622
23 2080
24 15206
25 2091
26 1682
27 7942
28 1686
29 22974
30 901
31 17607
32 17601
33 15222
34 917
35 23673
36 22969
37 906
38 15236
39 22986
40 1684
41 907
42 2092
43 15205
44 2099
45 11100
46 15208
47 15202
48 23689
49 23661
50 881
51 2101
52 7918
53 17605
54 903
55 679
56 15223
57 17624
58 11102
59 7935
60 22990
61 15232
62 17586
63 15220
64 11106
65 7911
66 662
67 656
68 7915
69 677
70 1699
71 11083
72 887
73 665
74 1711
75 905
76 2078
77 7938
78 667
79 878
80 2088
81 1708
82 23683
83 17593
84 23679
85 11105
86 22976
87 23657
88 23674
89 1692
90 22963
91 11097
92 1707
93 669
94 11116
95 2096
96 22988
97 22981
98 22982
99 11099
100 7927
101 653
102 23664
103 1693
104 1675
105 1713
106 1714
107 15221
108 885
109 889
110 22966
111 661
112 17600
113 7923
114 17610
115 11088
116 668
117 22983
118 641
119 11111
120 1694
121 7936
122 647
123 17618
124 11094
125 11096
126 645
127 1681
128 22989
129 11091
130 7922
131 23680
132 23659
133 2071
134 17603
135 23654
136 22994
137 23691
138 22993
139 2081
140 11086
141 675
142 23665
143 2086
144 23656
145 11107
146 2090
147 11117
148 22996
149 1697
150 15233
151 17592
152 7925
153 15214
154 17604
155 17616
156 2108
157 23672
158 7934
159 22984
160 1703
161 23660
162 2097
163 652
164 15231
165 898
166 1712
167 7937
168 2100
169 649
170 913
171 23687
172 7924
173 7940
174 2107
175 11113
176 891
177 1689
178 22997
179 15218
180 2079
181 899
182 2085
183 23675
184 1715
185 22987
186 17585
187 17590
188 7939
189 657
190 15226
191 11092
192 646
193 23666
194 1696
195 11093
196 15224
197 23662
198 2082
199 7919
200 11082
201 15225
202 22999
203 910
204 17619
205 15207
206 11090
207 22967
208 2077
209 22995
210 644
211 15211
212 650
213 7904
214 11103
215 11081
216 643
217 2087
218 2084
219 674
220 22968
221 11120
222 23001
223 22985
224 23652
225 2089
226 893
227 22972
228 11108
229 1695
230 23663
231 2106
232 916
233 1680
234 15212
235 11084
236 883
237 23676
238 892
239 1698
240 23688
241 22975
242 23690
243 895
244 7905
245 11104
246 23681
247 17596
248 11115
249 2105
250 17589
251 642
252 2102
253 897
254 7917
255 7913
256 2104
257 7909
258 1685
259 15201
260 7907
261 23000
262 7914
263 17597
264 1702
265 11087
266 660
267 17606
268 15199
269 17612
270 2073
271 22973
272 17623
273 15229
274 1687
275 11098
276 11101
277 676
278 17621
279 2098
280 15209
281 2075
282 23658
283 7910
284 7931
285 1710
286 2072
287 15227
288 666
289 17613
290 914
291 912
292 22992
293 15198
294 22998
295 655
296 1709
297 1677
298 2109
299 22978
300 1678
301 23671
302 23651
303 17620
304 7903
305 671
306 7929
307 11114
308 7926
309 894
310 15216
311 915
312 17614
313 2070
314 7916
315 640
316 11095
317 2093
318 884
319 15200
320 663
321 23669
322 1704
323 877
324 7921
325 2074
326 15215
327 17598
328 15230
329 2094
330 7941
331 15219
332 659
333 1679
334 670
335 11110
336 17608
337 7908
338 7932
339 17588
340 23655
341 23668
342 17595
343 882
344 909
345 678
346 15217
347 23684
348 23685
349 17609
350 15204
351 7906
352 1701
353 2095
354 1688
355 17599
356 880
357 17611
358 1690
359 890
360 23682
361 15228
362 17591
363 11109
364 17587
365 22991
366 11112
367 15210
368 7912
369 1705
370 17615
371 15203
372 23653
373 2076
374 1700
375 15234
376 908
377 22965
378 23670
379 900
380 672
381 17594
382 11118
383 658
384 15213
385 7920
386 651
387 17617
388 911
389 7928
390 22964
391 879
392 22970
393 1691
394 11119
395 888
396 896
397 902
398 7933
399 22980
400 22971
401 23677
